17.0  16.92  16.84  16.76  16.68  16.6  16.52  16.44  16.36  16.28  16.2  16.12  16.04  15.96  15.88  15.8  15.72  15.64  15.56  15.48  15.4  15.32  15.24  15.16  15.08  15.0  14.92  14.84  14.76  14.68  14.6  14.52  14.440001  14.360001  14.28  14.2  14.12  14.04  13.96  13.88  13.8  13.72  13.64  13.56  13.48  13.4  13.32  13.24  13.16  13.08

24.1  16.92  16.84  16.76  16.68  16.6  16.52  16.44  16.36  16.28  16.2  16.12  16.04  15.96  15.88  15.8  15.72  15.64  15.56  15.48  15.4  15.32  15.24  15.16  15.08  15.0  14.92  14.84  14.76  14.68  14.6  14.52  14.440001  14.360001  14.28  14.2  14.12  14.04  13.96  13.88  13.8  13.72  13.64  13.56  13.48  13.4  13.32  13.24  13.16  15.075

24.2  18.78375  16.84  16.76  16.68  16.6  16.52  16.44  16.36  16.28  16.2  16.12  16.04  15.96  15.88  15.8  15.72  15.64  15.56  15.48  15.4  15.32  15.24  15.16  15.08  15.0  14.92  14.84  14.76  14.68  14.6  14.52  14.440001  14.360001  14.28  14.2  14.12  14.04  13.96  13.88  13.8  13.72  13.64  13.56  13.48  13.4  13.32  13.24  13.683687  15.15

24.3  19.695282  17.329235  16.76  16.68  16.6  16.52  16.44  16.36  16.28  16.2  16.12  16.04  15.96  15.88  15.8  15.72  15.64  15.56  15.48  15.4  15.32  15.24  15.16  15.08  15.0  14.92  14.84  14.76  14.68  14.6  14.52  14.440001  14.360001  14.28  14.2  14.12  14.04  13.96  13.88  13.8  13.72  13.64  13.56  13.48  13.4  13.32  13.377468  13.9521265  15.225

24.4  20.282932  17.800898  16.888424  16.68  16.6  16.52  16.44  16.36  16.28  16.2  16.12  16.04  15.96  15.88  15.8  15.72  15.64  15.56  15.48  15.4  15.32  15.24  15.16  15.08  15.0  14.92  14.84  14.76  14.68  14.6  14.52  14.440001  14.360001  14.28  14.2  14.12  14.04  13.96  13.88  13.8  13.72  13.64  13.56  13.48  13.4  13.356085  13.51323  14.135408  15.3

24.5  20.712128  18.212908  17.073236  16.71371  16.6  16.52  16.44  16.36  16.28  16.2  16.12  16.04  15.96  15.88  15.8  15.72  15.64  15.56  15.48  15.4  15.32  15.24  15.16  15.08  15.0  14.92  14.84  14.76  14.68  14.6  14.52  14.440001  14.360001  14.28  14.2  14.12  14.04  13.96  13.88  13.8  13.72  13.64  13.56  13.48  13.4094715  13.408863  13.635302  14.277792  15.375

24.6  21.0504  18.56979  17.278025  16.778236  16.608849  16.52  16.44  16.36  16.28  16.2  16.12  16.04  15.96  15.88  15.8  15.72  15.64  15.56  15.48  15.4  15.32  15.24  15.16  15.08  15.0  14.92  14.84  14.76  14.68  14.6  14.52  14.440001  14.360001  14.28  14.2  14.12  14.04  13.96  13.88  13.8  13.72  13.64  13.56  13.482486  13.427825  13.468463  13.744515  14.397156  15.45

24.7  21.331009  18.88186  17.485918  16.864967  16.62999  16.522324  16.44  16.36  16.28  16.2  16.12  16.04  15.96  15.88  15.8  15.72  15.64  15.56  15.48  15.4  15.32  15.24  15.16  15.08  15.0  14.92  14.84  14.76  14.68  14.6  14.52  14.440001  14.360001  14.28  14.2  14.12  14.04  13.96  13.88  13.8  13.72  13.64  13.560653  13.488485  13.452841  13.530259  13.8433695  14.50221  15.525

24.8  21.572468  19.158327  17.689354  16.966286  16.663408  16.528976  16.44061  16.36  16.28  16.2  16.12  16.04  15.96  15.88  15.8  15.72  15.64  15.56  15.48  15.4  15.32  15.24  15.16  15.08  15.0  14.92  14.84  14.76  14.68  14.6  14.52  14.440001  14.360001  14.28  14.2  14.12  14.04  13.96  13.88  13.8  13.72  13.640172  13.562537  13.498073  13.48252  13.592129  13.934124  14.597747  15.6

24.9  21.785982  19.406433  17.885155  17.076586  16.707624  16.541069  16.442646  16.36016  16.28  16.2  16.12  16.04  15.96  15.88  15.8  15.72  15.64  15.56  15.48  15.4  15.32  15.24  15.16  15.08  15.0  14.92  14.84  14.76  14.68  14.6  14.52  14.440001  14.360001  14.28  14.2  14.12  14.04  13.96  13.88  13.8  13.720045  13.640748  13.565994  13.510912  13.515375  13.653131  14.018551  14.686638  15.675

25.0  21.97878  19.63173  18.07224  17.191982  16.760756  16.558954  16.446829  16.360771  16.280043  16.2  16.12  16.04  15.96  15.88  15.8  15.72  15.64  15.56  15.48  15.4  15.32  15.24  15.16  15.08  15.0  14.92  14.84  14.76  14.68  14.6  14.52  14.440001  14.360001  14.28  14.2  14.12  14.04  13.96  13.88  13.800012  13.720218  13.641941  13.571158  13.526543  13.5503645  13.712893  14.098001  14.77071  15.75

25.1  22.15575  19.838465  18.250538  17.309853  16.82098  16.582495  16.453672  16.36217  16.280224  16.200012  16.12  16.04  15.96  15.88  15.8  15.72  15.64  15.56  15.48  15.4  15.32  15.24  15.16  15.08  15.0  14.92  14.84  14.76  14.68  14.6  14.52  14.440001  14.360001  14.28  14.2  14.12  14.04  13.96  13.880003  13.800063  13.720616  13.6439085  13.578027  13.544508  13.586775  13.771319  14.173496  14.851188  15.825

25.2  22.320328  20.02992  18.420439  17.428453  16.886707  16.61128  16.463469  16.364677  16.28068  16.200066  16.120005  16.04  15.96  15.88  15.8  15.72  15.64  15.56  15.48  15.4  15.32  15.24  15.16  15.08  15.0  14.92  14.84  14.76  14.68  14.6  14.52  14.440001  14.360001  14.28  14.2  14.12  14.04  13.960001  13.880018  13.800193  13.721335  13.64675  13.586522  13.564402  13.624123  13.828448  14.245819  14.92892  15.9

25.3  22.47501  20.208664  18.582531  17.54664  16.956615  16.64478  16.476337  16.36856  16.281569  16.20021  16.12002  16.04  15.96  15.88  15.8  15.72  15.64  15.56  15.48  15.4  15.32  15.24  15.16  15.08  15.0  14.92  14.84  14.76  14.68  14.6  14.52  14.440001  14.360001  14.28  14.2  14.12  14.04  13.960005  13.880059  13.8004465  13.722457  13.650519  13.596525  13.585885  13.662082  13.884373  14.315573  15.004515  15.975

25.4  22.621655  20.37672  18.737469  17.663681  17.02964  16.68242  16.492262  16.374016  16.283047  16.200518  16.120066  16.040005  15.96  15.88  15.8  15.72  15.64  15.56  15.48  15.4  15.32  15.24  15.16  15.08  15.0  14.92  14.84  14.76  14.68  14.6  14.52  14.440001  14.360001  14.28  14.2  14.12  14.040001  13.960018  13.880147  13.800873  13.724046  13.65523  13.607905  13.60868  13.700432  13.939211  14.38323  15.07842  16.05

25.5  22.761675  20.535711  18.885902  17.779114  17.10493  16.72365  16.511139  16.381176  16.285263  16.201063  16.120169  16.04002  15.960001  15.88  15.8  15.72  15.64  15.56  15.48  15.4  15.32  15.24  15.16  15.08  15.0  14.92  14.84  14.76  14.68  14.6  14.52  14.440001  14.360001  14.28  14.2  14.12  14.040005  13.960048  13.880303  13.801516  13.726149  13.6608715  13.620531  13.632562  13.739026  13.993087  14.4491625  15.150972  16.125

25.6  22.89617  20.686953  19.028444  17.892673  17.181818  16.767952  16.532808  16.390114  16.288338  16.201931  16.120365  16.040054  15.960006  15.88  15.8  15.72  15.64  15.56  15.48  15.4  15.32  15.24  15.16  15.08  15.0  14.92  14.84  14.76  14.68  14.6  14.52  14.440001  14.360001  14.28  14.2  14.120001  14.040015  13.960104  13.880554  13.802414  13.728797  13.667418  13.634278  13.657351  13.77777  14.046116  14.513668  15.222429  16.2

25.7  23.026007  20.831514  19.165663  18.004213  17.259777  16.814867  16.557076  16.400854  16.292372  16.203201  16.120695  16.040123  15.960017  15.880002  15.8  15.72  15.64  15.56  15.48  15.4  15.32  15.24  15.16  15.08  15.0  14.92  14.84  14.76  14.68  14.6  14.52  14.440001  14.360001  14.28  14.2  14.120005  14.040034  13.960198  13.880924  13.803601  13.732009  13.67483  13.649034  13.682904  13.816601  14.098408  14.576985  15.292992  16.275

25.8  23.151876  20.970284  19.298069  18.11368  17.338402  16.863985  16.583738  16.413385  16.297441  16.20495  16.121202  16.040245  15.960041  15.880006  15.800001  15.72  15.64  15.56  15.48  15.4  15.32  15.24  15.16  15.08  15.0  14.92  14.84  14.76  14.68  14.6  14.52  14.440001  14.360001  14.28  14.200001  14.120011  14.04007  13.960346  13.881436  13.805105  13.735792  13.683068  13.664697  13.709108  13.85548  14.15006  14.639311  15.362817  16.35

25.9  23.27434  21.103996  19.426123  18.221071  17.417377  16.914955  16.612585  16.427668  16.303598  16.207245  16.121935  16.040443  15.960085  15.880013  15.800002  15.72  15.64  15.56  15.48  15.4  15.32  15.24  15.16  15.08  15.0  14.92  14.84  14.76  14.68  14.6  14.52  14.440001  14.360001  14.280001  14.200004  14.120024  14.040127  13.96056  13.882113  13.806948  13.740147  13.692086  13.681177  13.735873  13.894384  14.201161  14.700803  15.432033  16.425

26.0  23.39386  21.233269  19.550238  18.326427  17.496462  16.967468  16.643415  16.44364  16.310873  16.210144  16.122938  16.040741  15.96016  15.88003  15.800005  15.720001  15.64  15.56  15.48  15.4  15.32  15.24  15.16  15.08  15.0  14.92  14.84  14.76  14.68  14.6  14.52  14.440001  14.360001  14.280002  14.200008  14.120046  14.040214  13.960854  13.882975  13.809143  13.745066  13.7018385  13.698399  13.763124  13.933304  14.251788  14.761595  15.500738  16.5

26.1  23.510817  21.358627  19.670784  18.429811  17.575466  17.021265  16.676039  16.46123  16.319283  16.213694  16.124252  16.041164  15.9602785  15.880057  15.800011  15.720002  15.64  15.56  15.48  15.4  15.32  15.24  15.16  15.08  15.0  14.92  14.84  14.76  14.68  14.6  14.52  14.440001  14.360001  14.280004  14.200016  14.12008  14.040338  13.961243  13.884037  13.811704  13.750539  13.712283  13.716292  13.790806  13.972234  14.302011  14.821795  15.569019  16.575

26.2  23.625528  21.480518  19.788088  18.531301  17.654255  17.07612  16.710274  16.480356  16.328827  16.217932  16.12592  16.041742  15.960453  15.880103  15.800021  15.720004  15.640001  15.56  15.48  15.4  15.32  15.24  15.16  15.08  15.0  14.92  14.84  14.76  14.68  14.6  14.52  14.440001  14.360002  14.280006  14.200029  14.120131  14.040507  13.961739  13.885316  13.814635  13.756553  13.723377  13.734799  13.818871  14.011175  14.351888  14.881498  15.636943  16.65

26.3  23.738262  21.599321  19.902445  18.630983  17.73272  17.131845  16.745955  16.500933  16.339493  16.222889  16.127975  16.0425  15.9607  15.880174  15.800038  15.720008  15.640002  15.56  15.48  15.4  15.32  15.24  15.16  15.08  15.0  14.92  14.84  14.76  14.68  14.6  14.52  14.440001  14.3600025  14.280011  14.20005  14.120203  14.040731  13.962355  13.886824  13.817943  13.763091  13.735085  13.75387  13.847281  14.050132  14.401473  14.94078  15.704566  16.725

26.4  23.849247  21.715363  20.014116  18.728949  17.810783  17.188278  16.782932  16.522873  16.351263  16.228582  16.130453  16.043465  15.961035  15.880277  15.800066  15.720015  15.640003  15.56  15.48  15.4  15.32  15.24  15.16  15.08  15.0  14.92  14.84  14.76  14.68  14.6  14.52  14.4400015  14.360004  14.280019  14.20008  14.120301  14.0410185  13.963101  13.888569  13.821626  13.770138  13.747368  13.773459  13.876009  14.08911  14.450814  14.999705  15.771936  16.8

26.5  23.958675  21.82893  20.123337  18.825287  17.888393  17.245283  16.82107  16.546091  16.364107  16.235027  16.133377  16.04466  15.961473  15.880421  15.800108  15.720025  15.640005  15.560001  15.48  15.4  15.32  15.24  15.16  15.08  15.0  14.92  14.84  14.76  14.68  14.6  14.52  14.440002  14.360007  14.280031  14.200122  14.120432  14.041377  13.96399  13.890561  13.825683  13.777677  13.760194  13.7935295  13.905029  14.1281185  14.499951  15.058332  15.839092  16.875

26.6  24.066715  21.94027  20.230316  18.92009  17.965511  17.302744  16.860245  16.570501  16.377995  16.242228  16.136772  16.046112  15.962033  15.880615  15.800168  15.720041  15.640009  15.560002  15.4800005  15.4  15.32  15.24  15.16  15.08  15.0  14.92  14.84  14.76  14.68  14.6  14.520001  14.440003  14.360012  14.280048  14.200179  14.120599  14.041815  13.965029  13.892806  13.8301115  13.785689  13.773534  13.814048  13.934321  14.167164  14.548921  15.116707  15.906069  16.95

26.7  24.173512  22.049599  20.335245  19.013447  18.042112  17.360565  16.900343  16.596025  16.392889  16.250185  16.140656  16.04784  15.962731  15.88087  15.800252  15.720066  15.640016  15.560003  15.4800005  15.4  15.32  15.24  15.16  15.08  15.0  14.92  14.84  14.76  14.68  14.6  14.520001  14.440005  14.36002  14.280073  14.200255  14.120808  14.042339  13.966227  13.895308  13.8349085  13.794159  13.787359  13.834985  13.963871  14.206254  14.597754  15.1748705  15.972894  17.025

26.8  24.279188  22.157108  20.438292  19.105444  18.118181  17.418663  16.941267  16.622585  16.408752  16.258894  16.145042  16.049864  15.963584  15.881196  15.800365  15.720101  15.640026  15.560006  15.480001  15.4  15.32  15.24  15.16  15.08  15.0  14.92  14.84  14.76  14.68  14.6  14.520002  14.440008  14.36003  14.280107  14.200353  14.121065  14.042957  13.96759  13.898069  13.840067  13.803071  13.801646  13.856316  13.993664  14.245398  14.646478  15.232859  16.03959  17.1

26.9  24.383856  22.262964  20.539608  19.19616  18.193714  17.47697  16.98293  16.650108  16.425547  16.268345  16.149944  16.0522  15.964606  15.881605  15.800514  15.720151  15.64004  15.56001  15.480002  15.400001  15.32  15.24  15.16  15.08  15.0  14.92  14.84  14.76  14.68  14.600001  14.520003  14.440012  14.3600445  14.280151  14.200475  14.121375  14.043676  13.969125  13.901093  13.845581  13.812408  13.816371  13.878018  14.02369  14.284601  14.695119  15.290701  16.106182  17.175

27.0  24.48761  22.367317  20.639334  19.285673  18.268711  17.53543  17.02525  16.678526  16.443228  16.27853  16.155367  16.054865  15.965812  15.882107  15.800705  15.720218  15.640061  15.560016  15.480004  15.400001  15.32  15.24  15.16  15.08  15.0  14.92  14.84  14.76  14.68  14.600001  14.520005  14.440019  14.360064  14.280209  14.200626  14.121743  14.044502  13.970836  13.904379  13.851445  13.822156  13.831513  13.900075  14.053941  14.323873  14.743698  15.348425  16.172684  17.25

27.1  24.590536  22.470299  20.737593  19.374056  18.343178  17.593994  17.068157  16.707775  16.46176  16.289433  16.161316  16.05787  15.967216  15.882711  15.800945  15.7203045  15.64009  15.560024  15.480006  15.400002  15.32  15.24  15.16  15.08  15.0  14.92  14.84  14.76  14.68  14.600002  14.520008  14.440027  14.36009  14.28028  14.2008095  14.122174  14.045441  13.972729  13.907928  13.857652  13.832301  13.8470545  13.922467  14.084408  14.363219  14.792234  15.406052  16.23911  17.325

27.2  24.692709  22.572025  20.8345  19.461378  18.417122  17.652622  17.11159  16.737797  16.481102  16.301037  16.167791  16.061228  15.96883  15.8834305  15.801241  15.720416  15.640129  15.560037  15.48001  15.4000025  15.320001  15.24  15.16  15.08  15.0  14.92  14.84  14.76  14.680001  14.600003  14.520012  14.440039  14.360124  14.280369  14.201029  14.122673  14.046496  13.974806  13.911741  13.864195  13.842829  13.862978  13.945181  14.115087  14.402648  14.840745  15.463603  16.30548  17.4

27.3  24.794193  22.672604  20.930155  19.547705  18.490559  17.711283  17.15549  16.768536  16.501217  16.313328  16.174795  16.064947  15.970667  15.884274  15.8015995  15.720557  15.640181  15.560054  15.480015  15.400004  15.320001  15.24  15.16  15.08  15.0  14.92  14.84  14.76  14.680001  14.600005  14.520017  14.440054  14.360166  14.280478  14.201287  14.123245  14.047674  13.97707  13.915814  13.871067  13.853726  13.879267  13.968203  14.145971  14.442163  14.889245  15.521095  16.371798  17.475

27.4  24.89505  22.772127  21.024654  19.633097  18.5635  17.769947  17.19981  16.79994  16.522068  16.326284  16.182325  16.069035  15.972737  15.88525  15.802028  15.720732  15.640246  15.560077  15.480022  15.400006  15.320002  15.24  15.16  15.08  15.0  14.92  14.84  14.76  14.680002  14.600007  14.520023  14.440073  14.360218  14.280608  14.201589  14.123894  14.048978  13.979524  13.920148  13.878262  13.864983  13.895908  13.991521  14.177057  14.481771  14.937747  15.578544  16.43808  17.55

27.5  24.995333  22.870684  21.118082  19.717611  18.635962  17.828594  17.244505  16.831964  16.543615  16.339888  16.190376  16.073496  15.97505  15.88637  15.802533  15.720944  15.640329  15.560107  15.480033  15.400009  15.320003  15.240001  15.16  15.08  15.0  14.92  14.84  14.760001  14.680003  14.60001  14.520032  14.440098  14.360282  14.280763  14.201937  14.124623  14.050411  13.982169  13.924739  13.885771  13.876586  13.912889  14.015126  14.208342  14.521478  14.986262  15.6359625  16.50433  17.625

27.6  25.095087  22.968346  21.210516  19.801302  18.70796  17.887205  17.289537  16.864565  16.565828  16.35412  16.198942  16.078335  15.977613  15.887641  15.803123  15.7212  15.640432  15.560146  15.480046  15.400014  15.3200035  15.240001  15.16  15.08  15.0  14.92  14.84  14.760001  14.680004  14.600014  14.520043  14.440129  14.36036  14.280945  14.202333  14.125438  14.051978  13.985007  13.929585  13.893589  13.888526  13.930197  14.039008  14.2398205  14.561285  15.034802  15.693362  16.570559  17.7

27.7  25.194357  23.065186  21.302027  19.884218  18.779514  17.945766  17.33487  16.897701  16.588673  16.36896  16.208017  16.083555  15.980435  15.889073  15.803804  15.721503  15.640559  15.560195  15.480064  15.40002  15.320005  15.240002  15.16  15.08  15.0  14.92  14.84  14.760002  14.680006  14.600019  14.520058  14.440167  14.360453  14.281156  14.202784  14.12634  14.053681  13.988039  13.934685  13.901709  13.900794  13.947822  14.063158  14.271492  14.601199  15.083376  15.750754  16.636772  17.775

27.8  25.29318  23.161264  21.392681  19.966408  18.85064  18.004265  17.380474  16.931337  16.612118  16.384386  16.217594  16.089157  15.983522  15.890673  15.804584  15.72186  15.640712  15.560256  15.480087  15.400027  15.320008  15.240003  15.160001  15.08  15.0  14.92  14.840001  14.760003  14.680009  14.600026  14.520077  14.440213  14.360562  14.281399  14.20329  14.127334  14.055523  13.991264  13.940034  13.910125  13.913379  13.965753  14.08757  14.303352  14.641222  15.131991  15.808147  16.702978  17.85

27.9  25.391592  23.25664  21.482538  20.047915  18.921356  18.062693  17.426321  16.96544  16.636133  16.400383  16.227663  16.095142  15.986878  15.892447  15.805467  15.722274  15.640894  15.560331  15.480116  15.400038  15.320012  15.240004  15.160001  15.08  15.0  14.92  14.840001  14.760004  14.680012  14.600035  14.5201  14.440269  14.36069  14.281675  14.203855  14.128422  14.057506  13.994684  13.945631  13.91883  13.926272  13.983981  14.112236  14.335401  14.681358  15.1806555  15.865549  16.769178  17.925

28.0  25.489624  23.351362  21.571651  20.128782  18.991678  18.121044  17.472387  16.999979  16.660692  16.41693  16.238214  16.10151  15.990509  15.894403  15.806461  15.72275  15.6411085  15.560423  15.480152  15.400051  15.320017  15.2400055  15.160002  15.08  15.0  14.92  14.840002  14.760005  14.680016  14.600046  14.520127  14.440335  14.360838  14.281989  14.204481  14.129607  14.05963  13.998299  13.951472  13.927819  13.939467  14.0025  14.13715  14.367634  14.72161  15.229375  15.922967  16.835379  18.0

28.1  25.587303  23.445482  21.660072  20.209045  19.061626  18.179314  17.518652  17.034924  16.685768  16.434004  16.249243  16.108257  15.994419  15.896546  15.807571  15.723293  15.641359  15.560532  15.480197  15.400068  15.320023  15.240007  15.160003  15.080001  15.0  14.920001  14.840002  14.760007  14.680021  14.6000595  14.520161  14.4404125  14.361009  14.282341  14.205173  14.130893  14.0619  14.002107  13.957555  13.937086  13.952956  14.021299  14.162306  14.40005  14.761979  15.278154  15.980407  16.901585  18.075

28.2  25.684658  23.53904  21.747849  20.288742  19.131216  18.237497  17.565098  17.07025  16.711334  16.451591  16.260735  16.115383  15.99861  15.898882  15.8088045  15.723908  15.64165  15.560661  15.480251  15.40009  15.32003  15.24001  15.160004  15.080001  15.000001  14.920001  14.840003  14.76001  14.680028  14.600076  14.5202  14.440503  14.361202  14.282735  14.205931  14.13228  14.064315  14.006107  13.963877  13.946625  13.96673  14.040374  14.187699  14.432649  14.802468  15.327  16.037874  16.967796  18.15

28.3  25.781712  23.632076  21.83502  20.367907  19.200466  18.295593  17.611706  17.105932  16.737368  16.469673  16.27268  16.122885  16.003084  15.901415  15.810164  15.724601  15.641983  15.560813  15.480317  15.400117  15.320041  15.240014  15.160005  15.080002  15.000001  14.920002  14.840004  14.760013  14.680036  14.600096  14.5202465  14.440607  14.361421  14.283172  14.2067585  14.133773  14.066876  14.010302  13.970433  13.956431  13.980783  14.059715  14.2133255  14.465427  14.8430805  15.375915  16.095375  17.03402  18.225

28.400002  25.878483  23.724628  21.92163  20.446571  19.26939  18.353601  17.65846  17.141949  16.763845  16.488232  16.28507  16.130758  16.007843  15.90415  15.811657  15.725374  15.642363  15.56099  15.480394  15.400149  15.320054  15.240019  15.1600065  15.080003  15.000002  14.920002  14.840006  14.760016  14.680045  14.60012  14.520302  14.440726  14.361667  14.283653  14.207658  14.135371  14.069586  14.014687  13.977223  13.966499  13.9951105  14.079318  14.23918  14.498384  14.883816  15.424904  16.15291  17.100258  18.3

28.5  25.974995  23.816729  22.007715  20.524765  19.338005  18.411522  17.70535  17.178282  16.790749  16.50725  16.297894  16.139  16.012888  15.90709  15.813287  15.726233  15.642793  15.561194  15.480487  15.400188  15.32007  15.240025  15.160008  15.080004  15.000002  14.920003  14.840008  14.760021  14.680058  14.600148  14.520366  14.440862  14.361941  14.284183  14.2086315  14.137077  14.072443  14.019263  13.984242  13.976825  14.009705  14.099177  14.265257  14.531519  14.924676  15.473969  16.210487  17.166512  18.375

28.6  26.071264  23.908407  22.093307  20.602514  19.406328  18.469355  17.752365  17.21491  16.818058  16.526712  16.31114  16.147606  16.01822  15.910239  15.815059  15.727181  15.643276  15.561428  15.480595  15.400236  15.320089  15.240032  15.160011  15.080005  15.000003  14.920004  14.84001  14.760027  14.680072  14.600182  14.520439  14.441015  14.3622465  14.284762  14.209681  14.138894  14.07545  14.02403  13.991488  13.987403  14.02456  14.119287  14.291554  14.564829  14.965662  15.523116  16.268108  17.232784  18.45

28.7  26.167307  23.999693  22.178438  20.679848  19.474371  18.5271  17.799494  17.251818  16.845753  16.546602  16.3248  16.15657  16.02384  15.913599  15.816976  15.728224  15.643816  15.561694  15.48072  15.400291  15.320113  15.240042  15.160015  15.080006  15.000004  14.920005  14.840013  14.760035  14.680089  14.600221  14.520523  14.441187  14.362584  14.285393  14.210808  14.140821  14.078607  14.028985  13.998958  13.998229  14.039672  14.139641  14.3180685  14.598313  15.006775  15.572345  16.325775  17.299076  18.525

28.8  26.26314  24.090612  22.263138  20.75679  19.54215  18.584763  17.846725  17.28899  16.873817  16.566906  16.338863  16.16589  16.029743  15.917173  15.819042  15.729364  15.644416  15.5619955  15.480863  15.400357  15.320141  15.240053  15.16002  15.080008  15.000005  14.920007  14.840016  14.760043  14.680109  14.6002655  14.5206175  14.44138  14.362955  14.286077  14.212015  14.142861  14.081912  14.034128  14.006649  14.009299  14.055035  14.160236  14.344795  14.63197  15.048016  15.621658  16.383492  17.365389  18.6

28.900002  26.358776  24.181189  22.347433  20.833363  19.609678  18.642342  17.894054  17.326412  16.902237  16.587608  16.35332  16.175556  16.035933  15.920963  15.821261  15.730606  15.64508  15.562333  15.481028  15.400434  15.320174  15.2400675  15.160026  15.08001  15.000006  14.920009  14.840021  14.760054  14.680133  14.600317  14.520725  14.441593  14.363361  14.286816  14.213304  14.145015  14.085368  14.039458  14.014558  14.020609  14.070644  14.181067  14.371732  14.665799  15.089385  15.671059  16.441257  17.431726  18.675

